0.000128573265332362 0.000090757599058138 0.000050420888365632 0.000032773577437661 0.000007563133254845 0.000100841776731264 0.000272272797174413 0.000005042088836563
0.001921035846730584 0.000178994153697994 0.000181515198116276 0.000027731488601098 0.000196641464625965 0.005039567792144930 0.000037815666274224 0.000138657443005488
0.003000042857755111 0.000010084177673126 0.000065547154875322 0.000000000000000000 0.000012605222091408 0.002800880348710864 0.000015126266509690 0.000063026110457040
0.001525231873060372 0.000000000000000000 0.000151262665096896 0.000000000000000000 0.000000000000000000 0.000002521044418282 0.000060505066038759 0.000005042088836563
0.005705123518571274 0.000940349568019039 0.000622697971315557 0.000000000000000000 0.000115968043240954 0.000176473109279712 0.000052941932783914 0.000045378799529069
0.009337948525315068 0.009461479701810866 0.026186088372691037 0.000257146530664724 0.001863051825110107 0.003113489856577783 0.001691620804666957 0.001762210048378842
0.000002521044418282 0.000017647310927971 0.000181515198116276 0.000002521044418282 0.000000000000000000 0.000335298907631454 0.000146220576260333 0.000000000000000000
0.001169764610082665 0.000007563133254845 0.000184036242534557 0.000070589243711885 0.000574798127368206 0.004754689772879108 0.000012605222091408 0.000131094309750643
0.002334487131328767 0.000000000000000000 0.000289920108102385 0.000010084177673126 0.000063026110457040 0.004381575198973431 0.000630261104570401 0.000128573265332362
0.000325214729958327 0.000000000000000000 0.000080673421385011 0.000005042088836563 0.000000000000000000 0.000259667575083005 0.000113446998822672 0.000002521044418282
0.005213519857006361 0.000000000000000000 0.001333632497270969 0.000022689399764534 0.000000000000000000 0.001691620804666957 0.000113446998822672 0.000118489087659235
0.004376533110136868 0.000040336710692506 0.003481562341646898 0.000012605222091408 0.000032773577437661 0.000055462977202195 0.000012605222091408 0.000015126266509690
0.000612613793642430 0.013462377193623774 0.009342990614151631 0.002879032725677594 0.003335341765386564 0.000080673421385011 0.002732812149417261 0.000012605222091408
0.001691620804666957 0.001134469988226723 0.000610092749224149 0.004953852281923355 0.002163056110885618 0.003388283698170478 0.000776481680830735 0.000186557286952839
0.005122762257948223 0.000078152376966730 0.001714310204431492 0.002268939976453445 0.001979019868351061 0.005823612606230509 0.000484040528310068 0.000945391656855602
0.004532837864070327 0.000000000000000000 0.001021022989404050 0.000554629772021953 0.000002521044418282 0.004071486735524793 0.003562235763031909 0.000693287215027442
0.005105114947020251 0.000015126266509690 0.000335298907631454 0.000002521044418282 0.000000000000000000 0.000932786434764194 0.001489937251204429 0.000279835930429258
0.005208477768169797 0.001215143409611734 0.002183224466231870 0.000017647310927971 0.000189078331371120 0.000110925954404391 0.000605050660387585 0.000138657443005488
0.001227748631703142 0.005367303566521538 0.034069394268657620 0.000088236554639856 0.001976498823932779 0.000002521044418282 0.000181515198116276 0.000622697971315557
0.000204204597880810 0.014864077890188346 0.015237192464094025 0.001252959075885958 0.004734521417532856 0.000095799687894701 0.005183267323986981 0.000068068199293603
0.002082382689500606 0.003423578320026420 0.000768918547575890 0.002662222905705376 0.005072341369582590 0.003224415810982174 0.001484895162367866 0.000030252533019379
0.004341238488280925 0.000000000000000000 0.000756313325484482 0.001424390096329107 0.001073964922187964 0.004681579484748941 0.002074819556245762 0.000421014417853028
0.004056360469015104 0.000000000000000000 0.001298337875415027 0.000680681992936034 0.000005042088836563 0.003537025318849093 0.006373200289415899 0.000806734213850114
0.004661411129402689 0.000000000000000000 0.000340340996468017 0.000194120420207684 0.000000000000000000 0.001784899448143377 0.002702559616397881 0.000448745906454126
0.001989104046024187 0.000010084177673126 0.000489082617146631 0.000005042088836563 0.000000000000000000 0.000063026110457040 0.000007563133254845 0.000057984021620477
0.004253001933641069 0.004101739268544172 0.025497843246500160 0.000000000000000000 0.000337819952049735 0.000095799687894701 0.000078152376966730 0.000063026110457040
0.000022689399764534 0.000579840216204769 0.000002521044418282 0.000211767731135655 0.000148741620678615 0.000090757599058138 0.000448745906454126 0.000000000000000000
0.000121010132077517 0.003100884634486375 0.000405888151343338 0.000236978175318471 0.002410118463877215 0.000083194465803293 0.000131094309750643 0.000000000000000000
0.000055462977202195 0.001608426338863664 0.000136136398587207 0.000700850348282286 0.000925223301509349 0.000012605222091408 0.000173952064861431 0.000005042088836563
0.000002521044418282 0.000438661728780999 0.000035294621855942 0.001189932965428918 0.000300004285775511 0.000000000000000000 0.000194120420207684 0.000005042088836563
0.000007563133254845 0.000012605222091408 0.000050420888365632 0.000796650036176987 0.000002521044418282 0.000050420888365632 0.000005042088836563 0.000000000000000000
0.000168909976024868 0.000015126266509690 0.000022689399764534 0.000357988307395988 0.000000000000000000 0.000015126266509690 0.000002521044418282 0.000005042088836563
0.000393282929251931 0.000000000000000000 0.000012605222091408 0.000264709663919569 0.000000000000000000 0.000000000000000000 0.000000000000000000 0.000000000000000000
0.000393282929251931 0.000010084177673126 0.000005042088836563 0.000000000000000000 0.000000000000000000 0.000022689399764534 0.000201683553462528 0.000000000000000000
0.000347904129722862 0.000002521044418282 0.000010084177673126 0.000000000000000000 0.000000000000000000 0.000000000000000000 0.000113446998822672 0.000000000000000000
0.000005042088836563 0.000660513637589781 0.000279835930429258 0.000090757599058138 0.000032773577437661 0.000055462977202195 0.001169764610082665 0.000000000000000000
0.000093278643476419 0.002707601705234445 0.000226893997645345 0.000151262665096896 0.002089945822755451 0.000060505066038759 0.000128573265332362 0.000005042088836563
0.000234457130900189 0.003625261873488949 0.000605050660387585 0.001305901008669872 0.003017690168683082 0.000068068199293603 0.000249583397409879 0.000000000000000000
0.000000000000000000 0.000988249411966389 0.000022689399764534 0.002082382689500606 0.000524377239002574 0.000015126266509690 0.000418493373434747 0.000000000000000000
0.000002521044418282 0.000068068199293603 0.000085715510221575 0.001290774742160182 0.000025210444182816 0.000025210444182816 0.000186557286952839 0.000002521044418282
0.000138657443005488 0.000010084177673126 0.000085715510221575 0.000272272797174413 0.000000000000000000 0.000050420888365632 0.000005042088836563 0.000002521044418282
0.000267230708337850 0.000000000000000000 0.000002521044418282 0.000151262665096896 0.000000000000000000 0.000002521044418282 0.000000000000000000 0.000000000000000000
0.001184890876592355 0.000002521044418282 0.000000000000000000 0.000005042088836563 0.000000000000000000 0.000000000000000000 0.000017647310927971 0.000000000000000000
0.000115968043240954 0.000010084177673126 0.000002521044418282 0.000000000000000000 0.000000000000000000 0.000000000000000000 0.000010084177673126 0.000000000000000000
0.000075631332548448 0.014579199870922526 0.007109345259554128 0.000584882305041332 0.001981540912769342 0.000000000000000000 0.001762210048378842 0.000030252533019379
0.000002521044418282 0.015673333148456741 0.002281545198544853 0.002652138728032249 0.004694184706840350 0.000000000000000000 0.000600008571551022 0.000080673421385011
0.000136136398587207 0.008949707684899701 0.007285818368833841 0.007464812522531834 0.001646242005137889 0.000231936086481908 0.001068922833351401 0.000610092749224149
0.000000000000000000 0.000713455570373694 0.001648763049556170 0.007426996856257611 0.000030252533019379 0.001522710828642090 0.000486561572728350 0.000438661728780999
0.000090757599058138 0.000010084177673126 0.000544545594348827 0.004895868260302878 0.000000000000000000 0.002377344886439554 0.000173952064861431 0.000342862040886298
0.001815151981162756 0.000083194465803293 0.000277314886010977 0.002735333193835542 0.000000000000000000 0.003900055715081644 0.000927744345927631 0.000688245126190878
0.003602572473724414 0.000186557286952839 0.000000000000000000 0.000970602101038418 0.000000000000000000 0.003226936855400455 0.001290774742160182 0.000413451284598183
0.000060505066038759 0.015822074769135358 0.006395889689180433 0.001094133277534217 0.003441225630954392 0.000000000000000000 0.002437849952478313 0.000040336710692506
0.000002521044418282 0.014745588802529111 0.001905909580220894 0.004202581045275437 0.006224458668737285 0.000000000000000000 0.000751271236647918 0.000141178487423770
0.000000000000000000 0.007905995295731116 0.001671452449320704 0.006723625463557042 0.001976498823932779 0.000272272797174413 0.001565568583752877 0.000239499219736753
0.000030252533019379 0.000229415042063626 0.000030252533019379 0.005372345655358102 0.000254625486246442 0.002243729532270629 0.001149596254736412 0.000350425174141143
0.000350425174141143 0.000000000000000000 0.000088236554639856 0.005642097408114234 0.000206725642299092 0.002944579880552915 0.000950433745692165 0.000496645750401476
0.001774815270470250 0.000052941932783914 0.000000000000000000 0.003529462185594248 0.000173952064861431 0.005498397876272182 0.003647951273253484 0.000617655882478993
0.003098363590068094 0.000000000000000000 0.000000000000000000 0.001041191344750303 0.000000000000000000 0.002311797731564232 0.003952997647865558 0.000191599375789402
